difficulty,task_id,model_family,model_name,run_times,max_turns,failure_num,num_correct,total_samples,accuracy,avg_token_cost,token_cost
easy,bacon_cipher,gemini,gemini-2.5-flash_thinking,run_1,29.5,1,0,8,0.0,615.9148936170212,"[0, 0, 0, 0, 0, 0, 0, 0, 0, 0, 0, 0, 0, 0, 0, 0, 0, 0, 0, 0, 0, 0, 0, 0, 0, 0, 0, 0, 0, 0, 28948, 0, 0, 0, 0, 0, 0, 0, 0, 0, 0, 0, 0, 0, 0, 0, 0]"
